30,3
30,2
0,297
30,1
30,0
0,63
0,294
29,4
29,3
29,2
0,290
29,1
29,0
0,289
0,287
28,3
28,2
28,1
28,0
0,2
0,52
0,282
0,280
0,279
27,3
27,2
0,277
27,1
27,0
0,274
0,310
0,319
0,202
26,4
26,3
26,2
0,309
26,1
26,0
0,200
0,306
0,199
0,304
0,303
0,300
0,299
25,3
25,2
0,298
25,1
25,0
0,318
0,193
0,317
0,192
0,295
0,293
0,292
24,3
24,2
0,291
24,1
24,0
0,316
0,58
0,57
0,288
0,286
14,3
0,285
13,3
0,272
0,271
23,3
23,2
0,12
0,11
0,275
0,276
0,10
0,9
0,284
0,8
23,1
23,0
0,7
3,3
0,51
10,314
0,547
0,243
10,313
10,312
0,546
10,311
0,545
10,310
10,309
0,544
11,30
10,308
0,543
10,307
0,542
10,306
10,305
0,541
10,304
0,540
10,303
8,18
0,539
10,302
8,17
10,301
0,538
10,300
11,29
0,537
10,299
10,298
0,536
10,297
0,535
10,296
10,295
0,534
10,294
0,533
10,293
10,292
0,532
10,291
0,531
10,290
0,530
10,289
11,28
10,288
0,529
10,287
0,528
10,286
10,285
0,527
10,284
10,283
0,526
10,282
0,525
10,281
0,524
10,280
10,279
0,523
9,7
10,278
0,522
10,277
10,276
0,521
10,275
0,520
10,274
10,273
0,519
11,27
10,272
0,518
10,271
10,270
0,517
10,269
0,516
10,268
8,16
10,267
0,515
10,266
0,514
10,265
10,264
0,513
10,263
0,512
10,262
11,26
0,511
10,261
0,510
10,260
10,259
0,509
10,258
0,508
10,257
10,256
0,507
11,25
10,255
0,506
10,254
0,505
10,253
10,252
0,504
10,251
0,503
10,250
10,249
0,502
10,248
0,501
10,247
10,246
0,500
